0 0.38181818181818183 0.46555555555555556 0.7636363636363637 0.6688888888888889
1 0.48333333333333334 0.5222222222222223 0.1 0.3688888888888889
2 0.4340909090909091 0.7355555555555555 0.11666666666666667 0.18666666666666668
2 0.07803030303030303 0.7355555555555555 0.10757575757575757 0.1511111111111111
3 0.7962121212121213 0.6366666666666667 0.04090909090909091 0.19777777777777777
3 0.8727272727272727 0.5877777777777777 0.045454545454545456 0.16666666666666666
3 0.9257575757575758 0.6622222222222223 0.05757575757575758 0.2311111111111111
4 0.10833333333333334 0.36333333333333334 0.16818181818181818 0.07777777777777778
4 0.278030303030303 0.3233333333333333 0.13484848484848486 0.06444444444444444
4 0.3090909090909091 0.6388888888888888 0.12727272727272726 0.07333333333333333
