4 0.23486328125 0.8444444444444444 0.4345703125 0.2222222222222222
4 0.71533203125 0.075 0.4931640625 0.07592592592592592
4 0.6494140625 0.4305555555555556 0.138671875 0.08333333333333333
4 0.7578125 0.4444444444444444 0.09375 0.16666666666666666
4 0.849609375 0.4703703703703704 0.07421875 0.06296296296296296
4 0.42333984375 0.35 0.1298828125 0.040740740740740744
0 0.6044921875 0.5092592592592593 0.583984375 0.5444444444444444
1 0.5478515625 0.5842592592592593 0.044921875 0.45740740740740743
2 0.61669921875 0.7333333333333333 0.0517578125 0.2074074074074074
2 0.8037109375 0.6962962962962963 0.033203125 0.15555555555555556
2 0.8349609375 0.6916666666666667 0.029296875 0.12777777777777777
