0 0.541875 0.5125 0.81375 0.655
1 0.55375 0.5991666666666666 0.105 0.5183333333333333
2 0.638125 0.7966666666666666 0.08125 0.16666666666666666
2 0.8525 0.7283333333333334 0.07 0.15
1 0.77625 0.5775 0.1025 0.4216666666666667
3 0.873125 0.43583333333333335 0.04625 0.14166666666666666
3 0.40375 0.5066666666666667 0.06 0.14333333333333334
3 0.243125 0.46416666666666667 0.07625 0.17166666666666666
3 0.046875 0.6641666666666667 0.08875 0.295
4 0.245 0.5658333333333333 0.48 0.09833333333333333
