0 0.4905913978494624 0.5654761904761905 0.9731182795698925 0.5452380952380952
1 0.05510752688172043 0.5511904761904762 0.053763440860215055 0.25952380952380955
1 0.18548387096774194 0.5654761904761905 0.06451612903225806 0.3119047619047619
1 0.3689516129032258 0.5726190476190476 0.06586021505376344 0.37857142857142856
1 0.6391129032258065 0.5761904761904761 0.125 0.5190476190476191
2 0.3245967741935484 0.7035714285714286 0.05241935483870968 0.16904761904761906
2 0.5631720430107527 0.7619047619047619 0.10483870967741936 0.29523809523809524
2 0.10618279569892473 0.6595238095238095 0.051075268817204304 0.16666666666666666
4 0.5510752688172043 0.2119047619047619 0.0967741935483871 0.047619047619047616
4 0.8514784946236559 0.2845238095238095 0.07123655913978495 0.0880952380952381
