0 0.4301369863013699 0.49176954732510286 0.6712328767123288 0.6707818930041153
0 0.8602739726027397 0.49588477366255146 0.1863013698630137 0.35802469135802467
1 0.47054794520547943 0.4835390946502058 0.04246575342465753 0.45267489711934156
1 0.8287671232876712 0.5267489711934157 0.0136986301369863 0.2139917695473251
2 0.8397260273972603 0.6275720164609053 0.03287671232876712 0.07818930041152264
2 0.9198630136986301 0.5967078189300411 0.045205479452054796 0.11522633744855967
2 0.513013698630137 0.7674897119341564 0.07534246575342465 0.18930041152263374
2 0.708904109589041 0.6893004115226338 0.03424657534246575 0.13991769547325103
2 0.7410958904109589 0.668724279835391 0.038356164383561646 0.1728395061728395
3 0.17945205479452056 0.4012345679012346 0.030136986301369864 0.102880658436214
4 0.726027397260274 0.5082304526748971 0.0821917808219178 0.11522633744855967
