3 0.31053203040173727 0.4534653465346535 0.03474484256243214 0.07524752475247524
3 0.41205211726384366 0.45742574257425744 0.02062975027144408 0.07128712871287128
4 0.5271444082519001 0.4861386138613861 0.06188925081433225 0.06534653465346535
4 0.3273615635179153 0.5891089108910891 0.06188925081433225 0.03762376237623762
0 0.44408251900108575 0.48217821782178216 0.4495114006514658 0.47326732673267324
1 0.4543973941368078 0.5336633663366337 0.033659066232356136 0.36237623762376237
2 0.48642779587404994 0.6772277227722773 0.021715526601520086 0.12673267326732673
2 0.5998914223669924 0.6386138613861386 0.014115092290988056 0.12475247524752475
2 0.6237785016286646 0.6465346534653466 0.016286644951140065 0.13267326732673268
2 0.31813246471226925 0.7138613861386138 0.03908794788273615 0.07722772277227723
