0 0.3546666666666667 0.5150300601202404 0.6853333333333333 0.6292585170340681
3 0.5873333333333334 0.4228456913827655 0.06266666666666666 0.1282565130260521
3 0.4026666666666667 0.42384769539078154 0.056 0.11422845691382766
3 0.48933333333333334 0.40781563126252507 0.050666666666666665 0.07414829659318638
1 0.23466666666666666 0.4308617234468938 0.04533333333333334 0.22845691382765532
2 0.20466666666666666 0.7374749498997996 0.04933333333333333 0.17234468937875752
2 0.082 0.7545090180360722 0.06 0.1462925851703407
2 0.36466666666666664 0.8346693386773547 0.08666666666666667 0.1743486973947896
2 0.5653333333333334 0.8396793587174348 0.09333333333333334 0.20841683366733466
4 0.36866666666666664 0.533066132264529 0.084 0.03206412825651302
4 0.498 0.5320641282565131 0.10266666666666667 0.04208416833667335
4 0.47533333333333333 0.23847695390781562 0.31066666666666665 0.09619238476953908
