3 0.6546875 0.3416666666666667 0.04375 0.10416666666666667
3 0.76015625 0.3645833333333333 0.0328125 0.07916666666666666
3 0.94296875 0.34479166666666666 0.0484375 0.06875
3 0.57421875 0.3625 0.0640625 0.2625
2 0.4203125 0.68125 0.171875 0.19166666666666668
2 0.92734375 0.5875 0.0828125 0.17916666666666667
1 0.57578125 0.44895833333333335 0.1078125 0.51875
4 0.1625 0.18125 0.178125 0.0625
4 0.134375 0.4583333333333333 0.15625 0.09166666666666666
0 0.52109375 0.43333333333333335 0.9109375 0.7833333333333333
