0 0.030729166666666665 0.671875 0.041666666666666664 0.13802083333333334
0 0.08411458333333334 0.6861979166666666 0.03697916666666667 0.15104166666666666
0 0.12890625 0.6907552083333334 0.028645833333333332 0.20182291666666666
0 0.17109375 0.6920572916666666 0.05364583333333333 0.18619791666666666
0 0.2328125 0.7096354166666666 0.06041666666666667 0.16145833333333334
0 0.3229166666666667 0.73828125 0.059375 0.20833333333333334
0 0.38828125 0.728515625 0.06927083333333334 0.21484375
0 0.4625 0.751953125 0.084375 0.18619791666666666
0 0.61796875 0.7408854166666666 0.08072916666666667 0.2421875
0 0.7020833333333333 0.7740885416666666 0.08020833333333334 0.23828125
0 0.7848958333333333 0.7779947916666666 0.08541666666666667 0.23307291666666666
0 0.8768229166666667 0.7610677083333334 0.0859375 0.2643229166666667
0 0.965625 0.771484375 0.0625 0.2903645833333333
2 0.2635416666666667 0.75 0.027083333333333334 0.059895833333333336
2 0.5005208333333333 0.8053385416666666 0.025 0.06640625
2 0.5375 0.76953125 0.015625 0.0625
