4 0.5058333333333334 0.30666666666666664 0.565 0.37
0 0.14916666666666667 0.8075 0.2866666666666667 0.2916666666666667
0 0.8408333333333333 0.7866666666666666 0.305 0.31333333333333335
1 0.8116666666666666 0.8408333333333333 0.03666666666666667 0.21166666666666667
1 0.94375 0.8766666666666667 0.030833333333333334 0.15666666666666668
1 0.18125 0.8408333333333333 0.035833333333333335 0.23166666666666666
2 0.02 0.885 0.011666666666666667 0.05333333333333334
2 0.0375 0.9 0.015 0.07
2 0.13333333333333333 0.9225 0.03333333333333333 0.10833333333333334
2 0.8558333333333333 0.925 0.03166666666666667 0.09
2 0.9716666666666667 0.925 0.028333333333333332 0.08
