0 0.12222222222222222 0.5566666666666666 0.03333333333333333 0.11333333333333333
0 0.15833333333333333 0.5644444444444444 0.03666666666666667 0.13333333333333333
0 0.23166666666666666 0.5922222222222222 0.13 0.2111111111111111
0 0.5127777777777778 0.6277777777777778 0.44333333333333336 0.41555555555555557
3 0.25333333333333335 0.71 0.051111111111111114 0.20666666666666667
1 0.515 0.6244444444444445 0.034444444444444444 0.2311111111111111
2 0.4777777777777778 0.8 0.06888888888888889 0.14222222222222222
2 0.33944444444444444 0.7322222222222222 0.04777777777777778 0.10444444444444445
2 0.18722222222222223 0.6444444444444445 0.021111111111111112 0.06666666666666667
2 0.11444444444444445 0.5911111111111111 0.006666666666666667 0.04
2 0.14222222222222222 0.6133333333333333 0.011111111111111112 0.04
2 0.1622222222222222 0.6211111111111111 0.006666666666666667 0.03333333333333333
2 0.12611111111111112 0.6011111111111112 0.01 0.03777777777777778
2 0.6172222222222222 0.8511111111111112 0.04111111111111111 0.05333333333333334
3 0.8072222222222222 0.7288888888888889 0.034444444444444444 0.26222222222222225
3 0.09555555555555556 0.5833333333333334 0.011111111111111112 0.05555555555555555
