0 0.04330254041570439 0.5338809034907598 0.07043879907621248 0.3860369609856263
0 0.15184757505773672 0.5318275154004107 0.13279445727482678 0.5626283367556468
0 0.5484988452655889 0.5297741273100616 0.5958429561200924 0.837782340862423
3 0.9237875288683602 0.6827515400410678 0.07390300230946882 0.3798767967145791
3 0.8660508083140878 0.5349075975359343 0.020785219399538105 0.1375770020533881
3 0.6674364896073903 0.3203285420944558 0.08083140877598152 0.2464065708418891
2 0.3510392609699769 0.8254620123203286 0.06466512702078522 0.27104722792607805
2 0.2575057736720554 0.7854209445585215 0.05542725173210162 0.1868583162217659
2 0.16224018475750576 0.7053388090349076 0.06351039260969978 0.16632443531827515
2 0.10508083140877598 0.6786447638603696 0.05542725173210162 0.162217659137577
1 0.1812933025404157 0.5102669404517454 0.03233256351039261 0.28542094455852157
1 0.371824480369515 0.5 0.03002309468822171 0.5112936344969199
